                                                                  令和７年度一般会計

              款                                                                                    農林水
                  1   議会費       2     総務費        3     民生費        4    衛生費        5   労働費      6
 節                                                                                                 産業費

1 報酬                  170,316         459,918          298,127         166,734                      25,537

2 給料                   56,193        1,108,815         898,599         553,363        11,512       109,997

3 職員手当等               117,952        1,166,477         681,386         440,152         9,611       100,174

4 共済費                  63,968         502,104          354,818         222,909         3,966        41,834

5 災害補償費                    1              370

6 恩給及び退職年金                              1,606

7 報償費                    134           58,587           61,563          70,830          427          5,801

8 旅費                    8,923          26,444           12,552           7,977          151          1,004

9 交際費                    600              920                                                          10

10 需用費                 13,059         324,974          133,806         712,033          545         58,137

11 役務費                  1,254         928,796           95,453          39,709                       1,399

12 委託料                  3,168        2,773,814        1,595,904       3,411,550       10,484       258,738

13 使用料及び賃借料             8,946         719,970           99,843         188,144          215          3,846

14 工事請負費                              490,596          200,904         645,063                      71,662

15 原材料費                                                                     44                       9,564

16 公有財産購入費                             13,577                                                         429

17 備品購入費                 770           35,096            9,489          10,515                         98

18 負担金補助及び交付金          14,591         315,990         2,892,123        538,918        58,788       223,114

19 扶助費                                    800        21,618,000        193,704

20 貸付金

21 補償補塡及び賠償金                             3,670                                                          1

22 償還金利子及び割引料                         150,900                               65                        227

23 投資及び出資金

24 積立金                               2,275,200            8,650                          56           243

25 寄附金

26 公課費                                   2,700                           2,100

27 繰出金                                                4,907,760       2,425,343

  予備費

         計            459,875       11,361,324       33,868,977       9,629,153       95,755       911,815




                                          - 138 -
                                          ― 138 ―
       歳出予算節別集計表
                                                                                                                （単位 千円）
                                                                     災 害
7    商工費        8     土木費        9    消防費        10    教育費        11            12    公債費        13   予備費        合     計
                                                                     復旧費

      18,624          101,921          97,609          796,289                                                    2,135,075

     146,426          793,250                          745,994                                                    4,424,149

     108,381          597,597                          718,841                                                    3,940,571

      52,203          289,308                          380,550                                                    1,911,660

                                        1,620                4                                                         1,995

                                                                                                                       1,606

       1,465           37,288          22,927           39,061                                                       298,083

       2,551           19,687             325           40,784                                                       120,398

                                           70               75                                                         1,675

      35,251          509,391           9,122         1,604,029        24,220             282                     3,424,849

       3,913           25,010             857           51,592                                                    1,147,983

     226,011         1,841,934         19,396         1,542,674                                                  11,683,673

       6,294          227,404           2,649          286,660                                                    1,543,971

         902         5,920,524         74,702         2,578,548                                                   9,982,901

          62           52,299                            1,260                                                        63,229

                      263,556         114,001          121,460                                                       513,023

         168           14,437          27,158          520,778                                                       618,509

     757,012         4,344,123       2,696,089          66,894                            100                    11,907,742

                                                       252,414                                                   22,064,918

                                                                                                                           0

                     1,037,201            217            3,422                                                    1,044,511

                            1                                1                       6,671,353                    6,822,547

                                                                                                                           0

                        1,100                                                                                     2,285,249

                                                                                                                           0

                                          908                                                                          5,708

      12,872         2,210,000                                                                                    9,555,975

                                                                                                      100,000        100,000

    1,372,135       18,286,031       3,067,650        9,751,330        24,220        6,671,735        100,000    95,600,000




                                                            - 139 -
                                                             ― 139 ―
