                                                                令和８年度一般会計

              款                                                                                   農林水
                  1   議会費       2    総務費        3    民生費        4    衛生費        5   労働費       6
 節                                                                                                産業費

1 報酬                  170,481        400,445         313,968         188,501                       24,170

2 給料                   63,681       1,133,136        959,879         593,984         13,178       112,042

3 職員手当等               122,516       1,584,925        718,641         464,630         11,020        99,116

4 共済費                  62,222        513,605         378,457         235,051          4,277        39,326

5 災害補償費                                  370

6 恩給及び退職年金                             1,124

7 報償費                    163          55,320          55,097          68,934           285          5,588

8 旅費                    8,658         24,888          11,940           7,692            63           839

9 交際費                    500             920                                                          10

10 需用費                 12,916        312,430         117,841         723,746           557         65,054

11 役務費                  1,044        876,196          96,191          41,404                        1,293

12 委託料                  3,168       2,833,110       2,008,828       3,414,822        12,073       165,638

13 使用料及び賃借料             8,955        899,675          99,278         158,425           239          3,841

14 工事請負費                             949,068         137,473         600,348                      131,742

15 原材料費                                                                  339                        9,564

16 公有財産購入費                            13,475

17 備品購入費                1,049         86,900           1,317           4,910

18 負担金補助及び交付金          14,534        296,622        2,847,020        357,315         61,690       296,896

19 扶助費                                   600    21,971,594           164,158

20 貸付金

21 補償補塡及び賠償金                           3,000                                                        1,996

22 償還金利子及び割引料                        150,000                             104

23 投資及び出資金

24 積立金                              2,348,300         18,002                           155           508

25 寄附金

26 公課費                                 2,700                             850

27 繰出金                                              4,920,179       1,800,000

  予備費

         計            469,887   12,486,809      34,655,705          8,825,213       103,537       957,623




                                         - 134 -
                                          ― 134 ―
       歳出予算節別集計表
                                                                                                 （単位 千円）
                                                                 災 害
7    商工費        8    土木費        9    消防費 10 教育費 11                        12 公債費 13 予備費           合     計
                                                                 復旧費

      23,773         113,770          96,831     814,118                                           2,146,057

     157,019         826,892                     800,340                                           4,660,151

     115,841         609,371                     749,243                                           4,475,303

      54,611         295,410                     400,146                                           1,983,105

                                       1,620           4                                                1,994

                                                                                                        1,124

       1,433          36,037          24,010      38,913                                              285,780

       2,020          17,570              15      40,028                                              113,713

                                          70          75                                                1,575

      26,564         495,603          58,133    1,555,805        24,220         282                3,393,151

       3,677          25,672             845      53,461                                           1,099,783

     219,054        1,788,473         21,062    1,434,728                                         11,900,956

       6,063         227,996           2,647     287,918                                           1,695,037

                    4,699,519        136,540    1,504,517                                          8,159,207

          62          40,146                       1,116                                               51,227

                    2,498,207        113,965      65,758                                           2,691,405

       9,137           4,809           7,968     326,213                                              442,303

     772,047        3,811,244       2,792,639     63,294                        100               11,313,401

                                                 243,140                                          22,379,492

                                                                                                            0

                     523,310               1           1                                              528,308

                                                       1                   6,764,919               6,915,024

                                                                                                            0

                       4,700                                                                       2,371,665

                                                                                                            0

                                         801                                                            4,351

                    2,215,709                                                                      8,935,888

                                                                                       100,000        100,000

    1,391,301   18,234,438          3,257,147   8,378,819        24,220    6,765,301   100,000    95,650,000




                                                      - 135 -
                                                       ― 135 ―
