                                                                 令和５年度一般会計

              款                                                                                   農林水
                  1   議会費       2    総務費        3     民生費        4    衛生費        5   労働費      6
 節                                                                                                産業費

1 報酬                  169,990        261,929          257,301         152,955                      23,859

2 給料                   54,628       1,049,174         811,241         551,784        10,398        95,921

3 職員手当等               116,273        850,908          543,856         414,798         9,017        76,021

4 共済費                  71,391        422,049          306,212         216,185         3,597        35,412

5 災害補償費                    1             370

6 恩給及び退職年金                             1,536

7 報償費                    237          52,107           56,472          65,142          323          5,560

8 旅費                    9,184         21,803           12,477           8,069           35           787

9 交際費                    700             920                                                          10

10 需用費                 14,340        295,916          113,505         713,151          487         46,673

11 役務費                   998         410,769          101,892          47,197                        912

12 委託料                  6,699       1,686,290        1,359,728       3,105,482       14,210       183,514

13 使用料及び賃借料             9,681        610,691          106,446         204,316          208          3,292

14 工事請負費                             134,370          106,900         368,658                      44,422

15 原材料費                                                                   129                       9,551

16 公有財産購入費                             7,128

17 備品購入費                6,476         18,550             7,350          9,610

18 負担金補助及び交付金          14,701        336,772         2,523,485        144,644        56,635       256,985

19 扶助費                                   800        18,147,733        164,014

20 貸付金

21 補償補塡及び賠償金                           3,840                                                        1,756

22 償還金利子及び割引料                        150,000                               10

23 投資及び出資金

24 積立金                              2,005,800            2,843                          13            19

25 寄附金

26 公課費                                 3,000                            2,200

27 繰出金                                               4,832,141       1,604,190

  予備費

         計            475,299       8,324,722       29,289,582       7,772,534       94,923       784,694




                                         - 138 -
       歳出予算節別集計表
                                                                                             （単位 千円）
                                                         災 害
7    商工費        8     土木費        9    消防費 10      教育費 11              12 公債費 13 予備費           合     計
                                                         復旧費

      15,406           74,640          92,711     653,011                                      1,701,802

     133,773          743,976                     748,164                                      4,199,059

     103,588          532,809                     583,761                                      3,231,031

      47,713          263,110                     340,632                                      1,706,301

                                        1,620           4                                           1,995

                                                                                                    1,536

       2,899           32,357          21,554      38,633                                         275,284

       1,997           15,358             431      40,663                                         110,804

                                           70          75                                           1,775

      19,116          481,533          10,272    1,707,353                  280                3,402,626

       4,528           23,633             819      46,890                                         637,638

     256,076         1,604,702         20,647    1,313,111                                     9,550,459

       5,991          207,536           2,649     258,495                                      1,409,305

      12,051         5,449,869         23,033     820,197        40                            6,959,540

         100           52,319                       1,278                                          63,377

                     1,198,200        114,453                                                  1,319,781

                         1,384         46,723     100,838                                         190,931

     515,960         1,036,750       2,455,230     68,738                   100                7,410,000

                                                  332,944                                     18,645,491



                     1,011,235              1       1,761                                      1,018,593

                            1                         128              6,773,909               6,924,048



                          200                                                                  2,008,875



                                          857                                                       6,057

     127,361         2,650,000                                                                 9,213,692

                                                                                   100,000        100,000

    1,246,559       15,379,612       2,791,070   7,056,676       40    6,774,289   100,000    80,090,000




                                                       - 139 -
